0     9    56   0.00656514
0    12    55   0.000862433
0    13    50   0.00159162
0    13    51   0.0160739
0    13    54   0.000586933
0    14    50   0.000561919
0    14    58   0.0175969
0    20    39   0.0077532
0    20    40   0.0107047
0    21    39   0.0311565
0    21    40   0.00851167
0    22    38   0.000286487
0    22    39   0.00435845
0    22    41   0.00167392
0    22    42   0.00290521
0    23    39   0.000663523
0    23    40   0.00088587
0    23    41   0.0125064
0    23    42   0.226739
0    23    43   0.114093
0    23    44   0.0046417
0    23    45   0.000567805
0    24    41   0.00545186
0    24    42   0.0659494
0    24    43   0.0689111
0    24    44   0.000932622
0    24    45   0.000548223
0    25    42   0.00175547
0    25    43   0.00181763
0    40     2   0.0239442
0    40     3   0.16883
0    40     4   0.038613
0    48    91   0.00248633
0    49    90   0.0180151
0    49    91   0.0888492
0    49    92   0.000579374
0    50    90   0.00858437
0    50    91   0.0545956
0    50    92   0.0714333
0    51    29   0.0404656
0    51    30   0.00214126
0    51    91   0.00396986
0    52    24   0.0189448
0    52    25   0.00707789
0    52    90   0.0265352
0    52    91   0.000675802
0    58    12   0.000638823
0    58    51   0.000626119
0    59    12   0.00406206
0    59    13   0.193841
0    59    14   0.00370761
0    59    42   0.00156809
0    59    43   0.0184922
0    59    44   0.207238
0    59    45   0.0040682
0    59    49   0.000624859
0    59    50   0.005242
0    59    51   0.00412947
0    59   112   0.000634609
0    60    12   0.000920364
0    60    13   0.020947
0    60    14   0.000941808
0    60    42   0.00148279
0    60    43   0.0182381
0    60    44   0.0846091
0    60    45   0.00377625
0    60    49   0.00171142
0    60    50   0.211777
0    60    51   0.259152
0    60    52   0.00119272
0    60   112   0.00345764
0    61     7   0.00121908
0    61    44   0.000441202
0    61    49   0.00144557
0    61    50   0.0479569
0    61    51   0.0503066
0    61   109   0.0150581
0    61   110   0.0432559
0    61   111   0.0525095
0    61   112   0.0514251
0    61   113   0.0323921
0    62     6   0.00430085
0    62     7   0.026691
0    62     8   0.00114423
0    62    51   0.00112704
0    63     6   0.0190634
0    63     7   0.716473
0    63     8   0.00603397
0    63   112   0.00214651
0    64     6   0.00536814
0    64     7   0.0500544
0    64     8   0.00288187
0    64    95   0.000509454
0    64   111   0.0131345
0    64   112   0.0124953
0    65     6   0.000765958
0    65    95   0.0186804
0    65    96   0.00302766
0    66     7   0.000550162
0    66    94   0.00282905
0    66    95   0.204042
0    66    96   0.0102714
0    67    95   0.00952678
1    15   141   0.00331972
1    16   141   0.0347784
1    16   142   0.000530809
1    17   141   0.00314013
1    20     1   0.0411101
1    20     2   0.103052
1    20     3   0.0369072
1    20   114   0.000589164
1    21   112   0.000580346
1    21   113   0.0301696
1    21   114   0.00787118
1    22   111   0.000312313
1    22   112   0.00706024
1    22   113   0.323581
1    22   114   0.0269917
1    22   115   0.000718927
1    23   113   0.00421842
1    23   114   0.00158541
1    29    11   0.000329024
1    30    10   0.00207255
1    30    11   0.00718596
1    30    12   0.00120503
1    30    51   0.000636929
1    31    10   0.00308559
1    31    11   0.00836531
1    31    12   0.0484511
1    31    13   0.000543315
1    31    49   0.000530117
1    31    50   0.00178974
1    31    51   0.00411261
1    31   110   0.00716311
1    32    11   0.000988183
1    32    12   0.0169814
1    32    49   0.00172977
1    32    50   0.0858712
1    32    51   0.226303
1    32    52   0.00251272
1    32   109   0.0459622
1    32   110   0.0161501
1    33    49   0.00194177
1    33    50   0.140481
1    33    51   0.322759
1    33    52   0.00205887
1    34    50   0.00100938
1    34    51   0.0017274
1    34    89   0.00265957
1    34    90   0.0193355
1    34    91   0.00136922
1    35    89   0.0106911
1    35    90   0.248597
1    35    91   0.00268778
1    36    89   0.00113405
1    36    90   0.00393687
1    40   105   0.0546754
1    40   106   0.131263
1    52    88   0.000144981
1    52    89   0.00680702
1    52    90   0.0748631
1    53    89   0.00118145
1    53    90   0.00362524
1    56     4   0.000962239
1    57     3   0.00205007
1    57     4   0.0946189
1    57     5   0.0023017
1    58     4   0.00367355
1    58    47   0.0155774
1    58    48   0.00127703
1    59    46   0.00470197
1    59    47   0.0644272
1    59    48   0.00136648
1    60    45   0.0429415
1    60    46   0.100262
1    60    47   0.050898
1    60    48   0.00726778
1    61    46   0.000530719
1    61    47   0.00421212
1    61    48   0.00122414
1    62    44   0.00166701
1    62    45   0.00199159
1    62    50   0.000409397
1    63    42   0.00621546
1    63    43   0.0120927
1    63    44   0.00170827
1    63    45   0.00733235
1    63    46   0.00148653
1    63    48   0.000677657
1    63    49   0.00128955
1    64    43   0.00824153
1    64    44   0.00574102
1    64    45   0.00838745
1    64    49   0.0027088
1    64    50   0.00104243
1    65    44   0.00315993
1    65    45   0.0044173
1    65    47   0.000569581
1    65    48   0.00296698
1    65    49   0.00584054
1    65    50   0.00198592
1    66    44   0.00112622
1    66    45   0.00120395
1    66    47   0.00115023
1    66    48   0.00623897
1    66    49   0.0145779
1    66    50   0.00895697
1    67    47   0.000914387
1    67    48   0.00398559
1    67    49   0.0147845
1    67    50   0.00533135
1    67    51   0.00201436
1    68    27   0.00771401
1    68    29   0.00928154
1    68    30   0.00339841
1    69    26   0.00163138
1    69    27   0.00456336
1    69    29   0.0141562
1    69    30   0.14263
1    69    31   0.00429687
1    70    29   0.00114193
1    70    31   0.00188815
2     0    39   0.00819547
2     0    40   0.0389811
2    20    18   0.0012339
2    20    19   0.00101615
2    21    18   0.0335275
2    21    19   0.0618831
2    22    18   0.00290222
2    22    19   0.000940507
2    32    80   0.107644
2    32    81   0.051474
2    34    81   0.0180993
2    34    82   0.0195832
2    34    83   0.00249413
2    34    84   0.00845726
2    34    85   0.0025231
2    34    93   0.00382909
2    35    79   0.00831348
2    35    82   0.0132863
2    35    83   0.00302877
2    35    84   0.0116926
2    35    85   0.00596033
2    35    93   0.0358839
2    35    94   0.0010997
2    36    11   0.0516805
2    36    12   0.0239258
2    36    66   0.00182772
2    36    67   0.0489436
2    36    68   0.0176227
2    36    77   0.019557
2    36    78   0.0215161
2    36    79   0.0398888
2    36    80   0.0195581
2    37    46   0.00229622
2    37    47   0.0101145
2    37    75   0.00587343
2    37    76   0.0438775
2    37    77   0.0208457
2    38    46   0.00527751
2    41     5   0.252337
2    41     6   0.0143177
2    48    33   0.108912
2    48    34   0.00222421
2    49    32   0.0630926
2    49    33   0.00660232
2    57    20   0.000894892
2    57    21   0.0107858
2    58    20   0.0243119
2    58    21   0.0708335
2    58    22   0.000560739
2    68     3   0.0110378
3     0    29   0.0102597
3     0    30   0.00133766
3     0    31   0.0355358
3     0    32   0.0144034
3     1    27   0.0284478
3     1    28   0.0213743
3     1    29   0.010719
3     2    26   0.0129874
3     5    34   0.0779806
3     5    35   0.00929442
3     5    36   0.00195841
3     6    35   0.0377675
3     6    95   0.000818645
3     6    96   0.00402102
3     7    35   0.00599583
3     7    36   0.0569481
3     7    37   0.0287982
3     7    95   0.0020038
3     7    96   0.0903628
3     7    97   0.00391955
3     8    37   0.0149934
3     8    38   0.00880243
3     8    96   0.00661739
3    17   176   0.00856873
3    17   178   0.0304856
3    18   176   0.000381622
3    18   177   0.0469239
3    18   178   0.0145375
3    18   183   0.0316821
3    18   184   0.00722422
3    19   174   0.0164823
3    19   175   0.00319183
3    19   176   0.0972843
3    19   177   0.204301
3    19   178   0.00688542
3    19   182   0.00260101
3    19   183   0.151055
3    19   184   0.0216254
3    20    79   0.0589775
3    20    80   0.0681142
3    20    81   0.00990271
3    20    82   0.00183344
3    20    83   0.00669668
3    21    79   0.0208962
3    21    80   0.0299577
3    21    81   0.084951
3    22    78   0.00687481
3    28    94   0.0023808
3    28    95   0.0153197
3    28    96   0.00494756
3    29    59   0.00544246
3    29    96   0.0408201
3    29    97   0.0571993
3    29    98   0.0237935
3    30    58   0.0097875
3    30    59   0.0550951
3    30    98   0.0177558
3    30    99   0.0514716
3    30   100   0.0559269
3    30   101   0.0284808
3    31    39   0.013052
3    31    40   0.00126881
3    31    41   0.0101661
3    31    42   0.00533338
3    31    43   0.0101462
3    31    44   0.00390021
3    32    35   0.0169474
3    32    37   0.00332435
3    32    38   0.0119639
3    32    39   0.0498147
3    32    40   0.0205169
3    32    41   0.0496608
3    32    42   0.0253566
3    32    43   0.010125
3    33    36   0.00931349
3    33    37   0.0142044
3    33    38   0.000722703
3    33    39   0.0241533
3    33    40   0.000698445
3    33    41   0.0238438
3    33    42   0.00572954
3    33    43   0.00269673
3    34    11   0.00104051
3    34    37   0.00224183
3    34    38   0.00453317
3    34    40   0.0130122
3    35     6   0.0118607
3    35    10   0.0164092
3    35    11   0.0128854
3    35    79   0.000819789
3    36     5   0.00120877
3    36    10   0.00576583
3    36    11   0.00105623
3    36    48   0.00103425
3    36    49   0.00495673
3    36    77   0.00350214
3    36    78   0.0290749
3    36    79   0.0901412
3    36    80   0.00333603
3    37     4   0.000788554
3    37     5   0.0213033
3    37    47   0.000228033
3    37    48   0.00227178
3    37    49   0.0635905
3    37    50   0.00127628
3    37    77   0.00105162
3    37    78   0.00508661
3    37    79   0.0421832
3    37    80   0.00181425
3    38     5   0.0134712
3    38    29   0.000749156
3    38    30   0.0157993
3    38    78   0.000250718
3    39    28   0.00890084
3    39    30   0.00305722
3    39    31   0.0357997
3    39    32   0.0134843
3    39    37   0.0159627
3    40    28   0.000889089
3    40    37   0.0632407
3    40    38   0.00147737
3    40    41   0.0106479
3    41    28   0.0489026
3    41    29   0.0222186
3    41    37   0.0302463
3    41    38   0.00265432
3    41    39   0.00184246
3    41    40   0.00524776
3    41    41   0.00118388
3    41    42   0.0351668
3    41    43   0.044198
3    41    44   0.00136264
3    41    81   0.00245043
3    41   113   0.00454143
3    41   114   0.00740546
3    42     0   0.00608393
3    42     1   0.00117911
3    42    28   0.0114536
3    42    29   0.00493962
3    42    46   0.000753953
3    42    81   0.0251125
3    42    82   0.000797537
3    42   113   0.0091506
3    42   114   0.00809951
3    42   119   0.00142817
3    43     0   0.154727
3    43     2   0.00013532
3    43    45   0.000563302
3    43    46   0.0448414
3    43    47   0.00202371
3    43    80   0.00619742
3    43    81   0.57184
3    43    82   0.0220993
3    43   119   0.00851631
3    44     0   0.00445179
3    44    45   0.00320747
3    44    46   0.232721
3    44    47   0.00536107
3    44    81   0.0669681
3    44    82   0.00719477
3    44   107   0.0108685
3    44   108   0.0112416
3    45    45   0.000523238
3    45    46   0.00227204
3    45    81   0.00377384
3    45   107   0.0202932
3    45   108   0.0219826
3    47     7   0.0262211
3    47     8   0.0694413
3    47     9   0.0691134
3    47    10   0.00301951
3    48    28   0.000229859
3    49    27   0.0127866
3    49    28   0.011674
3    50    27   0.060208
3    50    28   0.0773849
3    50    29   0.000799898
3    51    27   0.000635007
3    51    28   0.000838432
3    51    93   0.0012259
3    52    92   0.0153919
3    52    93   0.0297506
3    58    73   0.00175056
3    58    74   0.0285754
3    59    74   0.00265119
3    64    15   0.00909991
3    64    16   0.00234005
3    65    14   0.00101237
3    65    15   0.0122325
3    65    16   0.00635035
3    66    15   0.00192289
3    66    16   0.000994863
3    68     1   0.00124629
3    68     2   0.0012468
3    69     1   0.00572232
3    69     2   0.00148155
4     0    50   0.00245001
4     0    51   0.0098867
4     0    52   0.0181775
4     0    53   0.0172461
4     0    54   0.0350244
4     1    50   0.000980622
4     1    51   0.0020759
4     1    52   0.00319503
4     1    53   0.0112576
4     1    54   0.0334864
4     2    52   0.00125702
4     3    52   0.00263669
4     3    53   0.0326087
4     3   158   0.000795293
4     3   159   0.00122179
4     3   160   0.000643254
4     4    52   0.0346832
4     4   157   0.000520326
4     4   158   0.0027446
4     4   159   0.0272598
4     4   160   0.00573933
4     8    88   0.342767
4     9   189   0.00487374
4    10   217   0.00391963
4    12   127   0.000164121
4    12   128   0.00316363
4    12   129   0.00163909
4    13   127   0.000575734
4    13   128   0.048722
4    13   129   0.0122815
4    14   128   0.0039878
4    14   129   0.00238199
4    20    77   0.0012467
4    21    47   0.000127902
4    21    48   0.0016071
4    21    49   0.0188098
4    21    50   0.00476003
4    21    51   0.000550969
4    21    76   0.000911764
4    21    77   0.00532838
4    21    78   0.000571942
4    21   110   0.00202494
4    21   111   0.000902918
4    22    12   0.00130883
4    22    13   0.00344832
4    22    48   0.00442691
4    22    49   0.384106
4    22    50   0.0613949
4    22    51   0.00196013
4    22    76   0.000752594
4    22    77   0.012959
4    22    78   0.0276393
4    22   109   0.0124034
4    22   110   0.252476
4    22   111   0.0113536
4    22   112   0.000685262
4    23    12   0.00881759
4    23    13   0.0332628
4    23    49   0.00998971
4    23    50   0.00440947
4    23    73   0.0290026
4    23    75   0.0429489
4    23    77   0.00970168
4    23   108   0.000571328
4    23   109   0.00434666
4    23   110   0.0311485
4    23   111   0.0045902
4    24    13   0.000744605
4    24    49   0.000550636
4    24    71   0.00227589
4    24    72   0.020539
4    24    73   0.0321782
4    24    74   0.0418447
4    24    75   0.0417046
4    24    77   0.0290871
4    25    49   0.000155541
4    25    70   0.0129437
4    25    73   0.0056664
4    32    73   0.0931846
4    32    74   0.00354162
4    33    94   0.00588631
4    33    95   0.00490679
4    34    15   0.000922313
4    34    93   0.00191051
4    34    94   0.0206012
4    34    95   0.00204513
4    34    96   0.0023282
4    34    97   0.00296228
4    34    98   0.00104253
4    35    14   0.00338113
4    35    15   0.065204
4    35    94   0.00254936
4    35    95   0.0104045
4    35    96   0.104838
4    35    97   0.130124
4    35    98   0.00897504
4    35    99   0.000774578
4    36    10   0.000974212
4    36    11   0.00718532
4    36    12   0.00302247
4    36    14   0.00680188
4    36    15   0.0494107
4    36    95   0.000763414
4    36    96   0.00581724
4    36    97   0.0167044
4    36    98   0.00410693
4    37     8   0.000165929
4    37    10   0.00156852
4    37    11   0.0264614
4    37    12   0.00446978
4    37    15   0.000799139
4    38     6   0.00386948
4    38     7   0.0728395
4    38     8   0.132384
4    38     9   0.0253818
4    38    10   0.00153675
4    39     7   0.0042577
4    39     8   0.00964388
4    39     9   0.00238059
4    43   107   0.000709183
4    43   108   0.000502139
4    44   107   0.106643
4    44   108   0.0228255
4    45   107   0.00814966
4    45   108   0.00210112
4    47    27   0.00213801
4    47    28   0.0203627
4    48    27   0.00517146
4    48    28   0.148255
4    48    29   0.00112764
4    49    28   0.00364365
4    56    71   0.0061481
4    57    71   0.0646067
4    57    72   0.110776
4    57    73   0.00642489
4    60    45   0.00110406
4    60    46   0.0651715
4    60    47   0.044042
4    60    48   0.0326417
4    60    49   0.000814284
4    61    46   0.000773999
4    61    47   0.00682781
4    61    48   0.0419671
4    61    49   0.0701557
4    62    49   0.0011755
4    62   114   0.0278453
4    62   115   0.0458077
4    62   116   0.0351812
4    64   107   0.00190766
4    64   109   0.00177745
4    64   110   0.00409722
4    65   107   0.0437392
4    65   108   0.020475
4    65   109   0.0104046
4    65   110   0.00586865
4    65   111   0.00190997
4    66   108   0.0192096
4    66   109   0.00421185
4    66   110   0.00132786
4    66   111   0.000921619
4    67   109   0.00066507
4    73    41   0.0022992
4    73    42   0.0345198
4    74    42   0.0428987
5     5   135   0.00199333
5     6   134   0.000930634
5     6   135   0.0230937
5     6   136   0.00164091
5     7   134   0.0129536
5     7   135   0.399877
5     7   136   0.04493
5     7   137   0.00263607
5     8   134   0.00428118
5     8   135   0.029285
5     8   136   0.0079638
5    24   111   0.0206589
5    24   112   0.0968217
5    24   113   0.0182803
5    25   110   0.00128572
5    25   111   0.0714851
5    27    93   0.0014754
5    27    94   0.00361158
5    27    95   0.0315821
5    28    93   0.0348972
5    28    94   0.0576599
5    28    95   0.0496626
5    29     1   0.000571619
5    29     2   0.000633057
5    29    44   0.00150646
5    29    45   0.00460183
5    29    46   0.000531281
5    29    93   0.00481331
5    30     2   0.00101907
5    30    42   0.00129989
5    30    44   0.024767
5    30    45   0.218572
5    30    46   0.00288789
5    30   119   0.000235727
5    31     0   0.0818018
5    31     1   0.0103804
5    31     2   0.0491277
5    31     3   0.0359544
5    31    42   0.0435892
5    31    43   0.0369579
5    31    44   0.00239113
5    31    45   0.0124978
5    31    46   0.00124654
5    32    42   0.0036752
5    32    43   0.00366587
5    36    39   0.00797129
5    36    40   0.00670057
5    36    41   0.0234019
5    37    41   0.00764671
5    41    95   0.0196604
5    41    96   0.154765
5    43    36   0.00549544
5    43    89   0.0211051
5    44    36   0.00970365
5    44    89   0.0291955
5    45    89   0.0320593
5    46    89   0.00132859
5    47    89   0.0022697
5    47    90   0.000550632
5    48    91   0.000197239
5    48    93   0.0264625
5    49    89   0.000793217
5    49    90   0.00145184
5    49    91   0.000751257
5    49    92   0.0348867
5    50    89   0.000749235
5    50    90   0.00190642
5    50    91   0.000671821
5    51    25   0.000505566
5    51    90   0.00448889
5    51    91   0.00137833
5    52    25   0.118502
5    52    26   0.0304536
5    52    27   0.000533195
5    52    89   0.000746131
5    52    90   0.104574
5    52    91   0.00225541
5    53    23   0.000748508
5    53    24   0.00726416
5    53    25   0.385478
5    53    26   0.0740964
5    53    27   0.00127567
5    53    89   0.00664139
5    53    90   0.00301819
5    53    91   0.00107949
5    54     1   0.0132981
5    54     2   0.00130291
5    54    25   0.00157705
5    54    26   0.00161558
5    54    90   0.00251097
5    54    91   0.00135473
5    55     1   0.0526816
5    55     2   0.0037529
5    55    33   0.0345907
5    55    34   0.0347989
5    55    90   0.00131118
5    56     1   0.000805535
5    56    33   0.0292909
5    56    34   0.0369182
5    56    35   0.000809652
5    56    90   0.000667912
5    57    90   0.000188535
5    58    12   0.0189954
5    58    13   0.0406359
5    58    14   0.0428697
5    58    15   0.0194696
5    60    12   0.000577017
5    61     7   0.00902472
5    61     8   0.0250267
5    61    11   0.000771969
5    61    12   0.0243554
5    61    13   0.007233
5    62     8   0.00465765
5    62     9   0.0107786
5    62    10   0.00411978
5    62    12   0.00937202
5    62    13   0.00329661
5    68    12   0.00428227
5    68    13   0.00775256
5    69    12   0.0365504
5    71    27   0.0118444
5    71    28   0.0865321
5    71    29   0.00602983
5    72    27   0.00397601
5    72    28   0.00899839
5    72    29   0.0023541
6     3   108   0.00334734
6     3   109   0.106216
6     3   110   0.134265
6     3   111   0.0349071
6    24     0   0.0765487
6    24   119   0.0732626
6    25     0   0.0470494
6    25     1   0.0544319
6    28   104   0.000689936
6    29   103   0.00346094
6    29   104   0.0151584
6    30   100   0.000675008
6    30   101   0.00102328
6    30   102   0.000692145
6    30   103   0.0052354
6    30   104   0.0179293
6    31    22   0.00209805
6    31    23   0.00436152
6    31    99   0.00135173
6    31   100   0.0178957
6    31   101   0.037926
6    31   102   0.00377576
6    31   103   0.00150582
6    31   104   0.00275069
6    32    22   0.00349634
6    32    23   0.00954866
6    32    24   0.00229362
6    32    91   0.00103305
6    32    92   0.00111341
6    32    99   0.0141908
6    32   100   0.119511
6    32   101   0.114996
6    32   102   0.00466735
6    33    22   0.0010592
6    33    24   0.105495
6    33    25   0.0192323
6    33    91   0.121263
6    33    92   0.0378722
6    33    99   0.00230776
6    33   100   0.00510085
6    33   101   0.00182626
6    34    24   0.00133879
6    34    91   0.00678539
6    34    92   0.00325132
6    35    39   0.00730714
6    36    36   0.0476292
6    36    37   0.0205438
6    36    38   0.00330604
6    36    39   0.00923587
6    37    26   0.00694626
6    37    27   0.000514004
6    37    38   0.00648666
6    38    26   0.00191558
6    38    27   0.0035448
6    38    28   0.0148324
6    38    29   0.00146759
6    38    73   0.000595667
6    38    74   0.000710635
6    38    79   0.000379625
6    38    80   0.000653552
6    39    27   0.000649737
6    39    29   0.0168405
6    39    31   0.00480425
6    39    32   0.0381637
6    39    33   0.0430146
6    39    71   0.00112449
6    39    72   0.0143221
6    39    73   0.0187002
6    39    74   0.0268932
6    39    75   0.00460375
6    39    78   0.000886143
6    39    79   0.0092225
6    39    80   0.0185128
6    39    81   0.00454598
6    39    82   0.000662091
6    40    34   0.0324527
6    40    35   0.00258294
6    40    71   0.00155039
6    40    72   0.0209454
6    40    73   0.133904
6    40    74   0.27076
6    40    75   0.0151683
6    40    76   0.000702837
6    40    78   0.00408996
6    40    79   0.191973
6    40    80   0.798286
6    40    81   0.0950553
6    40    82   0.000874819
6    41    17   0.000504737
6    41    26   0.0226946
6    41    27   0.0315034
6    41    28   0.0213169
6    41    73   0.00184637
6    41    74   0.00152678
6    41    75   0.00075243
6    41    79   0.0101419
6    41    80   0.0855507
6    41    81   0.00820381
6    42    16   0.000849863
6    42    17   0.00163523
6    42    79   0.00061773
6    42    80   0.00328488
6    43    16   0.00693278
6    43    17   0.0389053
6    44    15   0.00116341
6    44    16   0.0331037
6    44    17   0.537329
6    44    18   0.00564438
6    45    16   0.00168211
6    45    17   0.0146622
6    45    18   0.000884495
6    45    45   0.00051212
6    45    46   0.0015627
6    45    47   0.00445438
6    45    48   0.00410291
6    45    49   0.00120621
6    46    17   0.00111687
6    46    43   0.0234426
6    46    44   0.00869542
6    46    45   0.0146925
6    46    46   0.00430287
6    46    47   0.00985089
6    46    48   0.0103666
6    46    49   0.0127969
6    46    50   0.00799011
6    47    44   0.000470331
6    47    45   0.0144209
6    47    49   0.0541199
6    51    35   0.0137275
6    51    36   0.0135445
6    52    35   0.118524
6    53    35   0.0190775
6    53    36   0.034254
6    53    40   0.0821317
6    53    41   0.121881
6    54     4   0.0121936
6    54     5   0.000775919
6    54     6   0.00218625
6    54    43   0.00927707
6    54    44   0.0351278
6    55     3   0.000685246
6    55     4   0.00760329
6    55     5   0.00164777
6    56     5   0.0184961
6    57     5   0.00331536
7    16   153   0.00254458
7    16   154   0.0331324
7    17   154   0.00287369
7    18   153   0.00011208
7    18   155   0.0133939
7    18   156   0.00122025
7    19   155   0.00257332
7    24    49   0.00476683
7    24    50   0.0333843
7    24    51   0.000900997
7    25    50   0.00482394
7    28    70   0.03043
7    29    72   0.0111349
7    29    73   0.0109401
7    30    73   0.033878
7    30    74   0.0286593
7    30    85   0.145644
7    30    86   0.117311
7    31    39   0.00643971
7    31   119   0.000544223
7    32     0   0.0247309
7    32    39   0.0028741
7    32    41   0.000766173
7    32   119   0.0308395
7    33     0   0.00239362
7    33    41   0.00225418
7    33    42   0.00784577
7    33    43   0.0356821
7    33   119   0.0039186
7    34    41   0.00676607
7    34    42   0.00691057
7    36    39   0.0495445
7    36    40   0.0673271
7    37    65   0.031763
7    37    66   0.0627636
7    38    65   0.0850737
7    40    44   0.00593561
7    41    42   0.0123796
7    41    43   0.00335625
7    41    44   0.00324796
7    41    45   0.00175635
7    42    42   0.028151
7    42    43   0.0627455
7    42    44   0.0130168
7    42    45   0.00869052
7    43    40   0.0238554
7    46    37   0.00229999
7    46    38   0.00711206
7    46    39   0.00108612
7    47    37   0.0503191
7    47    38   0.370813
7    47    39   0.00384659
7    48    36   0.000246925
7    48    37   0.00958234
7    48    38   0.0284593
7    48    39   0.00171483
7    48    51   0.0290936
7    48    52   0.00103003
7    49    38   0.000927322
7    49    50   0.000532564
7    49    51   0.0241741
7    50    33   0.00136638
7    51    32   0.00252858
7    51    33   0.108648
7    51    34   0.00123948
7    51    40   0.00478164
7    51    41   0.041589
7    51    42   0.0457086
7    51    43   0.0529736
7    51    44   0.0351018
7    51    45   0.00435918
7    52    32   0.000920488
7    52    33   0.0214705
7    52    34   0.000795555
7    52    42   0.00215027
7    52    43   0.0423714
7    52    44   0.00218939
7    52    45   0.038467
7    53    43   0.00207812
7    65    42   0.0742351
7    65    43   0.032792
8     6   117   0.000939988
8     6   119   0.000825947
8     7   116   0.000917266
8     7   117   0.0121653
8     7   118   0.236122
8     7   119   0.0181607
8     7   120   0.00157451
8     8   116   0.000832259
8     8   117   0.0132957
8     8   118   0.368513
8     8   119   0.0244272
8     8   120   0.0017692
8     9   117   0.0010953
8     9   118   0.00868909
8     9   119   0.00282999
8     9   120   0.000661429
8    10   135   0.000597407
8    10   136   0.000628613
8    20   108   0.000752043
8    20   109   0.00295624
8    20   110   0.00448554
8    20   111   0.000735316
8    20   113   0.00257803
8    21   108   0.00307266
8    21   109   0.0382588
8    21   110   0.0247991
8    21   111   0.00354924
8    21   112   0.0336287
8    21   113   0.0183515
8    22    91   0.00103614
8    22   108   0.000896246
8    22   109   0.00153457
8    22   110   0.00293997
8    22   111   0.0048237
8    22   112   0.112921
8    22   113   0.0301397
8    23    89   0.00550257
8    23    90   0.0356858
8    23    91   0.0188153
8    23    92   0.0286465
8    23   112   0.00210345
8    23   113   0.000742821
8    24    91   0.00649319
8    24    92   0.0458998
8    28    13   0.00109397
8    29    12   0.00234114
8    29    13   0.0896482
8    29    14   0.00115487
8    30    13   0.00747483
8    31    34   0.00221802
8    31    35   0.0848322
8    31    36   0.0212774
8    32    36   0.057281
8    32    37   0.0514419
8    34    26   0.0217095
8    34    27   0.00596846
8    34    28   0.00317508
8    34    29   0.004027
8    35    23   0.000539954
8    35    24   0.0339799
8    35    25   0.0235466
8    35    26   0.0170438
8    35    27   0.0439897
8    35    28   0.0579144
8    35    29   0.0407606
8    35    53   0.0110832
8    35    54   0.00233021
8    36    23   0.0989586
8    36    24   0.0070717
8    36    25   0.0185516
8    36    26   0.0241646
8    36    29   0.0107303
8    36    53   0.00334483
8    36    54   0.0130025
8    37    25   0.0199017
8    37    53   0.00363575
8    37    54   0.0340538
8    37    55   0.000565527
8    38    54   0.0106041
8    38    55   0.00324615
8    39    54   0.00728259
8    39    55   0.00154449
8    42    67   0.00696079
8    42   100   0.00255607
8    43   100   0.0729489
8    43   101   0.00297969
8    44     9   0.008294
8    44    67   0.0184988
8    44    68   0.00729514
8    44   100   0.00727379
8    45     8   0.00800929
8    45     9   0.138786
8    45    10   0.00063268
8    45    68   0.0122029
8    45    69   0.0208292
8    45    70   0.0463381
8    45    71   0.0536829
8    45    72   0.0016025
8    45   100   0.000579281
8    46     8   0.0010905
8    46     9   0.00588188
8    46    13   0.0014763
8    46    55   0.00605681
8    46    56   0.074265
8    46    57   0.000703508
8    47    12   0.00499451
8    47    13   0.0408629
8    47    14   0.000892826
8    47    55   0.00261874
8    47    56   0.0213029
8    48    13   0.000652956
8    48    56   0.000728167
8    48   104   0.00309078
8    48   105   0.035462
8    49   104   0.00376835
8    49   105   0.0414196
8    49   106   0.000521861
8    51   119   0.0003645
8    52     0   0.00654527
8    52    39   0.00114399
8    52    40   0.0364925
8    52    41   0.0110674
8    52    42   0.000596974
8    52   119   0.00863617
8    53     0   0.206982
8    53     1   0.00275492
8    53    39   0.00190547
8    53    40   0.0811292
8    53    41   0.0305284
8    53    42   0.0142531
8    53    43   0.000636292
8    53    89   0.0175602
8    53    90   0.010136
8    53   118   0.00245079
8    53   119   0.361802
8    54     0   0.0111125
8    54     1   0.000761508
8    54    40   0.00133486
8    54    41   0.000610617
8    54    42   0.000620783
8    54    62   0.000813
8    54    89   0.00111654
8    54    90   0.00963512
8    54    91   0.0103533
8    54   118   0.00090834
8    54   119   0.019665
8    55     0   0.000544871
8    55    62   0.0127835
8    55    63   0.00242627
8    56    61   0.00503581
8    56    62   0.228951
8    56    63   0.0223953
8    57    62   0.00430838
8    57    63   0.00146349
8    60    55   0.00263267
8    61    54   0.00582871
8    61    55   0.238314
8    61    56   0.00738603
8    61    64   0.00148956
8    61    65   0.000632733
8    62    54   0.00304909
8    62    55   0.119094
8    62    56   0.00639543
8    62    63   0.0322397
8    62    64   0.0474663
8    62    65   0.0040419
8    63    54   0.000558483
8    63    55   0.00289025
8    63    63   0.00201091
8    63    66   0.00591666
8    66    46   0.0395968
8    66    47   0.0287188
8    66    48   0.020216
9    19   180   0.00680503
9    19   181   0.0286727
9    19   182   0.000530973
9    20    81   0.00508323
9    20    82   0.0173666
9    26    34   0.000687744
9    27    32   0.00154215
9    27    33   0.0379053
9    27    34   0.00222172
9    27    78   0.0128785
9    27    79   0.114515
9    27    80   0.0414745
9    28    33   0.00371934
9    28    36   0.00268577
9    28    37   0.00116819
9    29    34   0.00144352
9    29    37   0.0673896
9    29    38   0.0971736
9    29    39   0.0492368
9    29    40   0.0358011
9    30    34   0.0498158
9    30    35   0.0122061
9    31    34   0.00247416
9    31    35   0.00115835
9    32    94   0.0109202
9    33    70   0.00819011
9    33    71   0.00871039
9    33    72   0.0016812
9    33    94   0.0190896
9    34    69   0.00624383
9    34    70   0.03976
9    34    71   0.0180972
9    34    72   0.0142495
9    34    73   0.00666646
9    36    51   0.00275003
9    36    52   0.0135492
9    37    51   0.0106221
9    37    52   0.143065
9    38    51   0.00130317
9    38    52   0.00305963
9    40     0   0.00257143
9    40    64   0.000365093
9    40    65   0.00686596
9    40    66   0.00139898
9    40   117   0.0273025
9    40   118   0.0346258
9    40   119   0.0107911
9    41     0   0.00461795
9    41    26   0.095056
9    41    27   0.0416599
9    41    28   0.0191773
9    41    34   0.0153793
9    41    35   0.00156927
9    41    64   0.000928604
9    41    65   0.135286
9    41    66   0.0101094
9    41   116   0.0214748
9    41   117   0.0347583
9    41   118   0.0212298
9    41   119   0.00387431
9    42    28   0.000506704
9    42    33   0.000506507
9    42    34   0.104645
9    42    35   0.0120122
9    43    10   0.00089541
9    43    11   0.00172256
9    43    27   0.00902087
9    43    28   0.0226211
9    43    29   0.000724586
9    43    34   0.00198044
9    44    10   0.0344211
9    44    11   0.169208
9    44    12   0.00113439
9    44    27   0.0303677
9    44    28   0.142678
9    45    10   0.00743948
9    45    11   0.0223098
9    45    28   0.00149287
9    50   104   0.000769341
9    50   105   0.00100151
9    51    38   0.0415889
9    51    39   0.0426115
9    51   103   0.0208283
9    51   104   0.0507004
9    51   105   0.0275403
9    51   106   0.0027906
9    52    38   0.00407167
9    52    39   0.00261211
9    52   103   0.000590288
9    52   104   0.00585892
9    52   105   0.0583458
9    52   106   0.0195919
9    53     6   0.000505083
9    53     7   0.00571093
9    53     8   0.0293587
9    53   105   0.00135318
9    54     5   0.00934858
9    54     6   0.0521885
9    54     7   0.00826939
9    54     8   0.00115655
9    54    36   0.0727296
9    54    37   0.0944956
9    54    38   0.0153809
9    55    80   0.0137042
9    56    80   0.00595829
9    56    81   0.000823657
9    58    80   0.0152526
9    58    81   0.00628292
9    59    80   0.0221388
9    59    81   0.0492023
9    59    86   0.0210867
9    59    87   0.0469144
9    59    88   0.034704
9    59    89   0.032404
9    59    90   0.0380855
9    59    91   0.0301771
9    59    92   0.0398255
9    59    93   0.0148004
9    60    80   0.000596393
9    60    81   0.00210948
9    60    91   0.0165865
9    60    92   0.0561077
9    61    91   0.00154651
9    61    92   0.00337289
