0   55   79   0.0456949
0   55   78   0.001211
0   56   78   0.00207782
0   56   79   0.0431815
0   55   80   0.00125769
0   56   80   0.00108891
1   56   102   0.0666739
1   55   101   0.000829544
1   55   102   0.0200845
1   55   103   0.00183533
1   56   103   0.00324995
1   56   101   0.00234038
2   48   56   0.0723906
2   47   55   0.000860383
2   47   56   0.0025977
2   48   55   0.0175024
2   48   54   0.000615708
2   48   57   0.00156057
3   56   50   0.071468
3   55   50   0.0158777
3   55   51   0.00279469
3   56   51   0.00502801
4   45   0   0.0283846
4   45   1   0.00199246
4   46   0   0.00528933
4   45   119   0.0131776
4   45   118   0.001862
4   46   118   0.000586896
4   46   119   0.00507122
4   46   1   0.000961951
5   55   117   0.0718336
5   54   116   0.000752158
5   54   117   0.00177791
5   55   116   0.017794
5   56   116   0.00128317
5   56   117   0.00155565
6   44   92   0.05522
6   43   92   0.00591904
6   43   93   0.00367186
6   44   93   0.0296315
6   45   92   0.000798229
7   49   81   0.0832924
7   48   81   0.00185795
7   49   80   0.00618767
7   50   81   0.00310881
8   55   50   0.0751886
8   54   49   0.000536659
8   54   50   0.00141556
8   55   49   0.0137196
8   56   50   0.00387899
8   55   51   0.00126803
9   53   41   0.0529353
9   52   40   0.00229224
9   52   41   0.0333972
9   52   42   0.000926926
9   53   42   0.00145971
9   54   41   0.000609009
9   53   40   0.00342113
